7.483253424284259381e+03 7.432895018741923195e+03 7.394319708948503830e+03 7.367532754436218056e+03 7.352539416908113708e+03 7.349344960238848216e+03 7.357954650475625385e+03 7.378373755838111720e+03 7.410607546719244056e+03 7.454661295685945333e+03
7.328870314191040961e+03 7.278449633395498495e+03 7.239811385899562993e+03 7.212960831154879997e+03 7.197903230783957952e+03 7.194643848580918529e+03 7.203187950512151474e+03 7.223540804716576531e+03 7.255707681506380140e+03 7.299693853367407428e+03
7.206646336863985198e+03 7.156169815839682997e+03 7.117475064871018731e+03 7.090567343329461437e+03 7.075451912757213904e+03 7.072134036868208568e+03 7.080618981548407646e+03 7.100912014856270616e+03 7.133018407023543659e+03 7.176943430455463385e+03
7.116549757078716539e+03 7.066023821440654501e+03 7.027278991819762268e+03 7.000320527507716179e+03 6.985153689966798083e+03 6.981783742831127711e+03 6.990215951906393457e+03 7.010455585171162966e+03 7.042507912776864032e+03 7.086378207048499462e+03
7.058548546556181464e+03 7.007979616195008930e+03 6.969191127019992564e+03 6.942188338243167891e+03 6.926976511247305098e+03 6.923560909586807611e+03 6.931946798987778493e+03 6.952139447348913563e+03 6.984144124741898850e+03 7.027966103411868971e+03
7.032610341696421528e+03 6.982004826837466680e+03 6.943179087540851469e+03 6.916138382939565417e+03 6.900887974337205378e+03 6.897433125208744968e+03 6.905779101201065714e+03 6.925931170133328123e+03 6.957894601997724749e+03 7.001674668959822156e+03
7.038702442874428925e+03 6.988066745656746207e+03 6.949210157585861452e+03 6.922137937716045599e+03 6.906855347271936807e+03 6.903367649649670057e+03 6.911680110416955358e+03 6.931797997313989981e+03 6.963726580253700376e+03 7.007471131322430665e+03
7.076791773156966883e+03 7.026132289071743799e+03 6.987251246927648026e+03 6.960153905700408359e+03 6.944845526536095349e+03 6.941331372752165407e+03 6.949616709837730014e+03 6.969706805454135974e+03 7.001606929435518396e+03 7.045322353789338194e+03
7.146845028841267776e+03 7.096168141969119461e+03 7.057269029041260183e+03 7.030152948955143074e+03 7.014825162778699450e+03 7.011290933751135526e+03 7.019555527283138872e+03 7.039624210957637843e+03 7.071502254530306345e+03 7.115194929930006765e+03
7.248828606386796309e+03 7.198140689073978137e+03 7.159229876916530884e+03 7.132101428734211368e+03 7.116760605517045406e+03 7.113212670426179102e+03 7.121462888794414539e+03 7.141516528126501726e+03 7.173378858100017169e+03 7.217055150565502117e+03
