1.019169823025414007e+04 1.019217203280748618e+04 1.019264783916607121e+04 1.019312564932981877e+04 1.019360546329886711e+04 1.019408728107321440e+04 1.019457110265278970e+04 1.019505692803748389e+04 1.019554475722756251e+04 1.019603459022283278e+04
8.952306007068633335e+03 8.952692159228294258e+03 8.953080315023817093e+03 8.953470474455250951e+03 8.953862637522779551e+03 8.954256804226162785e+03 8.954652974565429759e+03 8.955051148540656868e+03 8.955451326151793182e+03 8.955853507398871443e+03
8.004545761797666273e+03 8.004843964156913898e+03 8.005144169981560481e+03 8.005446379271656042e+03 8.005750592027327002e+03 8.006056808248337802e+03 8.006365027934858517e+03 8.006675251086856406e+03 8.006987477704338744e+03 8.007301707787263695e+03
7.347611782514321021e+03 7.347821733854824743e+03 7.348033688489123051e+03 7.348247646417265059e+03 7.348463607639314432e+03 7.348681572155221147e+03 7.348901539964963376e+03 7.349123511068564767e+03 7.349347485466005310e+03 7.349573463157288643e+03
6.980672274559221478e+03 6.980793671192035617e+03 6.980917070945990417e+03 6.981042473820939449e+03 6.981169879817080073e+03 6.981299288934218566e+03 6.981430701172484078e+03 6.981564116531891159e+03 6.981699535012331580e+03 6.981836956613868097e+03
6.902869152893365936e+03 6.902901689676934438e+03 6.902936229407649080e+03 6.902972772085598990e+03 6.903011317710748699e+03 6.903051866283003619e+03 6.903094417802434691e+03 6.903138972269067381e+03 6.903185529682832566e+03 6.903234090043761171e+03
7.113318454471572295e+03 7.113261825527370092e+03 7.113207199355289049e+03 7.113154575955299151e+03 7.113103955327458607e+03 7.113055337471648272e+03 7.113008722388000024e+03 7.112964110076374709e+03 7.112921500536955136e+03 7.112880893769582144e+03
7.611111042647868999e+03 7.610964940697233033e+03 7.610820841342449057e+03 7.610678744583612570e+03 7.610538650420572594e+03 7.610400558853477378e+03 7.610264469882257799e+03 7.610130383506917497e+03 7.609998299727406447e+03 7.609868218543854709e+03
8.395312796045949653e+03 8.395076912364776945e+03 8.394843031102118402e+03 8.394611152257984941e+03 8.394381275832358369e+03 8.394153401825162291e+03 8.393927530236493112e+03 8.393703661066363566e+03 8.393481794314713625e+03 8.393261929981565117e+03
9.464965100175140833e+03 9.464639124861852906e+03 9.464315151788592630e+03 9.463993180955292701e+03 9.463673212361976766e+03 9.463355246008613904e+03 9.463039281895242311e+03 9.462725320021861990e+03 9.462413360388345609e+03 9.462103402994889620e+03
